0     2.35999823683386E-7     0.0     0.0
1     3.593401243229266E-9     7.746880748005225E-8     0.0
2     5.5788706987414116E-11     1.179204178747284E-9     6.0377300844984125
3     8.703593401548915E-13     1.830611588241974E-11     6.009344013399805
4     1.3655743202889425E-14     2.8556786565066733E-13     6.002348263112745
5     2.220446049250313E-16     4.4778995326547975E-15     5.9948676749826015
6     1.6653345369377348E-16     1.850371707708594E-17     7.918863237274594
7     2.7755575615628914E-16     3.700743415417188E-17     -1.0
8     1.1102230246251565E-16     5.551115123125783E-17     -0.5849625007211563
9     5.551115123125783E-17     1.850371707708594E-17     1.584962500721156
