0     0.01972784447234277     0.0     0.0
1     0.004823665507068309     0.004968059655091487     0.0
2     0.001199315280080937     0.001208116742329124     2.039922625727746
3     2.994188008477727E-4     2.999654930777214E-4     2.0098914183486145
4     7.482911359663058E-5     7.486322908371404E-5     2.002467365344949
5     1.87056798531815E-5     1.870781124781636E-5     2.000616499607621
6     4.676320063901063E-6     4.676453263093479E-6     2.0001541035765555
7     1.1690737724556755E-6     1.1690820971484623E-6     2.0000385245434074
8     2.92268052981548E-7     2.9226857315804245E-7     2.000009631123907
9     7.306698901476949E-8     7.306702132225951E-8     2.0000024082191703
