0     0.03896220172791198     0.0     0.0
1     0.009617178627784606     0.009781674366709125     0.0
2     0.002396756560358204     0.0024068073558088003     2.0229607668317557
3     5.987206401386613E-4     5.993453067398475E-4     2.0056613293014185
4     1.4965091964547206E-4     1.496899068310631E-4     2.0014104889007815
5     3.741090302433747E-5     3.7413338873711524E-5     2.0003523208195864
6     9.352611585522475E-6     9.352763812938331E-6     2.0000880613899756
7     2.3381457608939726E-6     2.338155274876167E-6     2.000022014191526
8     5.845359942191486E-7     5.84536588891608E-7     2.000005503427683
9     1.4613397075757817E-7     1.4613400782052347E-7     2.000001376236971
